133
132
131
130
137
136
135
134
139
138
24
25
26
27
20
21
22
23
28
29
0
4
8
120
121
122
123
124
125
126
127
128
129
59
58
55
54
57
56
51
50
53
52
115
114
88
89
111
110
113
112
82
83
80
81
119
118
84
85
3
7
108
109
102
103
100
101
106
107
104
105
39
38
33
32
31
30
37
36
35
34
60
61
62
63
64
65
66
67
68
69
2
6
99
98
91
90
93
92
95
94
97
96
11
10
13
12
15
14
17
16
19
18
117
116
151
150
152
41
48
49
46
86
44
45
42
43
40
87
1
5
9
146
147
144
145
142
143
140
141
148
149
77
76
75
74
73
72
71
70
79
78
47
